ggggggggg
0.340853619119
0.0777244819468
0.332978380208
2.19062716413
0.257687285636
0.368281552199
-0.770455168988
-1.48037210744
-3.56164253331
-1.28580138708
-1.09209017842
-1.76912157873
-1.58822256452
-3.84571205952
-2.32327524047
-0.978993126309
-1.27117076151
-0.853571876874
-1.73187338265
-1.58788794993
-1.70257141599
-1.54846470123
-0.042490086738
-0.0293724621209
0.55507258591
1.57585552376
-0.560257221243
0.893898597507
-4.36703037003
1.41035987974
-0.221836857062
-0.229397093205
1.28434033687
0.803498497032
-0.222816315925
-0.700897812909
-0.340940284887
-0.246034701864
-1.04155013748
-1.94037685012
-0.917407437397
-0.220604937834
-1.91265847968
-1.67616627418
-1.29144574045
-1.85815081142
-2.75521310766
-0.497117690544
-0.401344203763
-0.718044912462
-0.357387256738
-1.10838669666
-0.660671743996
-0.422377006179
-1.21141205722
-1.71568385939
-2.09178094752
-1.52429399156
0.415530785606
0.291880474521
0.939996544074
0.657614422587
0.450455966028
0.848829353248
1.51697882946
0.493029326461
-0.476909655611
-1.8538951411
0.469370171048
-1.66388335656
-0.0755607923564
-0.386399415361
0.480823591458
0.764681249966
0.573579951393
-0.776902664035
-0.0905849046547
0.10649931891
-1.15361532635
-1.07150786635
0.0588431689459
0.0341692559675
-0.124226515611
0.233300971429
0.747553499079
0.943141209243
0.206749665615
0.579823026884
-0.438551058501
-0.419945239044
-0.646773454066
-3.01845318108
-0.685198177288
0.616252826107
0.157630379877
0.0598689740941
-0.174750750181
0.240395023455
-0.875863273279
0.204068378494
-0.446198968118
-0.215392602208
0.355573516125
-0.952853052935
0.806108192122
0.101090502294
